,RMSD,$INF_{all}$,DI,MCQ,TM-score,GDT-TS,CAD-score,εRMSD,lDDT
RMSD,1.0,0.77,0.89,0.8,0.88,0.69,0.73,0.8,0.84
$INF_{all}$,0.77,1.0,0.88,0.77,0.77,0.61,0.76,0.89,0.8
DI,0.89,0.88,1.0,0.72,0.79,0.62,0.71,0.8,0.81
MCQ,0.8,0.77,0.72,1.0,0.9,0.74,0.75,0.85,0.81
TM-score,0.88,0.77,0.79,0.9,1.0,0.75,0.8,0.84,0.85
GDT-TS,0.69,0.61,0.62,0.74,0.75,1.0,0.9,0.61,0.7
CAD-score,0.73,0.76,0.71,0.75,0.8,0.9,1.0,0.79,0.81
εRMSD,0.8,0.89,0.8,0.85,0.84,0.61,0.79,1.0,0.84
lDDT,0.84,0.8,0.81,0.81,0.85,0.7,0.81,0.84,1.0
