,RMSD,$INF_{all}$,DI,MCQ,TM-score,GDT-TS,CAD-score,εRMSD,lDDT
RMSD,10.0,5.45,8.9,2.01,6.86,6.62,5.76,5.55,5.92
$INF_{all}$,5.45,10.0,6.02,2.23,5.6,6.32,6.32,6.39,6.19
DI,8.9,6.02,10.0,2.13,6.44,6.95,6.08,5.69,5.85
MCQ,2.01,2.23,2.13,10.0,1.66,1.82,1.82,1.77,2.43
TM-score,6.86,5.6,6.44,1.66,10.0,7.42,5.69,5.69,6.4
GDT-TS,6.62,6.32,6.95,1.82,7.42,10.0,5.93,6.15,7.07
CAD-score,5.76,6.32,6.08,1.82,5.69,5.93,10.0,7.37,6.26
εRMSD,5.55,6.39,5.69,1.77,5.69,6.15,7.37,10.0,6.06
lDDT,5.92,6.19,5.85,2.43,6.4,7.07,6.26,6.06,10.0
