,RMSD,$INF_{all}$,DI,MCQ,TM-score,GDT-TS,CAD-score,εRMSD,lDDT
RMSD,1.0,0.68,0.95,0.35,0.71,0.73,0.75,0.71,0.59
$INF_{all}$,0.68,1.0,0.8,0.52,0.72,0.76,0.9,0.9,0.73
DI,0.95,0.8,1.0,0.43,0.65,0.69,0.78,0.75,0.61
MCQ,0.35,0.52,0.43,1.0,0.39,0.44,0.55,0.51,0.51
TM-score,0.71,0.72,0.65,0.39,1.0,0.91,0.84,0.81,0.71
GDT-TS,0.73,0.76,0.69,0.44,0.91,1.0,0.87,0.84,0.7
CAD-score,0.75,0.9,0.78,0.55,0.84,0.87,1.0,0.93,0.77
εRMSD,0.71,0.9,0.75,0.51,0.81,0.84,0.93,1.0,0.79
lDDT,0.59,0.73,0.61,0.51,0.71,0.7,0.77,0.79,1.0
